# Data file listing all species to evolve and their molecular mass [g mol-1]
# Note, this order is the same order that has to be inside the GCM!
# Format: name, molecular weight
# NASA polynomials low T (200-1000 K)
# NASA polynomials high T (1000-6000 K)
# Number of species
12
#
OH, 17.00734, 9
-1.998858990E+03, 9.300136160E+01, 3.050854229E+00, 1.529529288E-03, -3.157890998E-06, 3.315446180E-09, -1.138762683E-12, 2.991214235E+03, 4.674110790E+00
1.017393379E+06, -2.509957276E+03, 5.116547860E+00, 1.305299930E-04, -8.284322260E-08, 2.006475941E-11, -1.556993656E-15, 2.019640206E+04, -1.101282337E+01
H2, 2.01588, 9
-3.994306020E+03, 7.242239420E+01, 2.998697961E+00, 1.796279453E-03, -3.247875840E-06, 2.886358872E-09, -8.692720440E-13, -1.376530067E+03, -1.568269937E+00
6.082027600E+05, -1.075426838E+03, 3.386971660E+00, 9.239752340E-04, -2.409952058E-07, 3.146743090E-11, -1.578557155E-15, 6.750497620E+03, -4.988546010E+00
H2O, 18.01528, 9
-3.947960830E+04, 5.755731020E+02, 9.317826530E-01, 7.222712860E-03, -7.342557370E-06, 4.955043490E-09, -1.336933246E-12, -3.303974310E+04, 1.724205775E+01
1.034972096E+06, -2.412698562E+03, 4.646110780E+00, 2.291998307E-03, -6.836830480E-07, 9.426468930E-11, -4.822380530E-15, -1.384286509E+04, -7.978148510E+00
H, 1.007940, 9
0.000000000E+00, 0.000000000E+00, 2.500000000E+00, 0.000000000E+00, 0.000000000E+00, 0.000000000E+00, 0.000000000E+00,  2.547370801E+04, -4.466828530E-01
6.078774250E+01, -1.819354417E-01, 2.500211817E+00, -1.226512864E-07, 3.732876330E-11, -5.687744560E-15, 3.410210197E-19,  2.547486398E+04, -4.481917770E-01
CO, 28.0101, 9
1.489045326E+04, -2.922285939E+02, 5.724527170E+00, -8.176235030E-03, 1.456903469E-05, -1.087746302E-08, 3.027941827E-12,  -1.303131878E+04, -7.859241350E+00
4.619197250E+05, -1.944704863E+03, 5.916714180E+00, -5.664282830E-04, 1.398814540E-07, -1.787680361E-11, 9.620935570E-16,  -2.466261084E+03, -1.387413108E+01
CO2, 44.0095, 9
4.943650540E+04, -6.264116010E+02, 5.301725240E+00, 2.503813816E-03, -2.127308728E-07, -7.689988780E-10, 2.849677801E-13, -4.528198460E+04, -7.048279440E+00
1.176962419E+05, -1.788791477E+03, 8.291523190E+00, -9.223156780E-05, 4.863676880E-09, -1.891053312E-12, 6.330036590E-16, -3.908350590E+04, -2.652669281E+01
O, 15.99940, 9
-7.953611300E+03, 1.607177787E+02, 1.966226438E+00, 1.013670310E-03, -1.110415423E-06, 6.517507500E-10, -1.584779251E-13, 2.840362437E+04, 8.404241820E+00
2.619020262E+05, -7.298722030E+02, 3.317177270E+00, -4.281334360E-04, 1.036104594E-07, -9.438304330E-12, 2.725038297E-16, 3.392428060E+04, -6.679585350E-01
CH4, 16.0425, 9
-1.766850998E+05, 2.786181020E+03, -1.202577850E+01, 3.917619290E-02, -3.619054430E-05, 2.026853043E-08, -4.976705490E-12, -2.331314360E+04, 8.904322750E+01
3.730042760E+06, -1.383501485E+04, 2.049107091E+01, -1.961974759E-03, 4.727313040E-07, -3.728814690E-11, 1.623737207E-15, 7.532066910E+04, -1.219124889E+02
C2H2, 26.0373, 9
1.598112089E+05, -2.216644118E+03, 1.265707813E+01, -7.979651080E-03, 8.054992750E-06, -2.433307673E-09, -7.529233180E-14, 3.712619060E+04, -5.244338900E+01
1.713847410E+06, -5.929106660E+03, 1.236127943E+01, 1.314186993E-04, -1.362764431E-07, 2.712655786E-11, -1.302066204E-15, 6.266578970E+04, -5.818960590E+01
NH3, 17.03052, 9
-7.681226150E+04, 1.270951578E+03, -3.893229130E+00, 2.145988418E-02, -2.183766703E-05, 1.317385706E-08 -3.332322060E-12, -1.264886413E+04, 4.366014588E+01
2.452389535E+06, -8.040894240E+03, 1.271346201E+01, -3.980186580E-04, 3.552502750E-08, 2.530923570E-12 -3.322700530E-16, 4.386191960E+04, -6.462330602E+01
N2, 28.01340, 9
2.210371497E+04, -3.818461820E+02, 6.082738360E+00, -8.530914410E-03, 1.384646189E-05, -9.625793620E-09, 2.519705809E-12, 7.108460860E+02, -1.076003744E+01
5.877124060E+05, -2.239249073E+03, 6.066949220E+00, -6.139685500E-04, 1.491806679E-07, -1.923105485E-11, 1.061954386E-15, 1.283210415E+04, -1.586640027E+01
HCN, 27.0253, 9
9.098286930E+04, -1.238657512E+03, 8.721307870E+00, -6.528242940E-03, 8.872700830E-06, -4.808886670E-09, 9.317898500E-13, 2.098915450E+04, -2.746678076E+01
1.236889278E+06, -4.446732410E+03, 9.738874850E+00, -5.855182640E-04, 1.072791440E-07, -1.013313244E-11, 3.348247980E-16, 4.221513770E+04, -4.005774072E+01
